Method	k	dataset	nF	run	trainTime	testTime	MacroF1	microF1
BoW	1	reuters21578	28828	0	1.200803995	0.05094695091	0.5636352216	0.8551360843
RI	2	reuters21578	5000	0	1.673724175	0.05844902992	0.5439774328	0.8404944085
KRI	2	reuters21578	5000	0	283.4283819	384.320246	0.5790422811	0.8429394813
RI	2	reuters21578	10000	0	1.843939066	0.06209611893	0.5554648742	0.8497058824
KRI	2	reuters21578	10000	0	159.0665269	233.9161952	0.5857865531	0.8519480519
RI	2	reuters21578	28828	0	2.099164963	0.07642602921	0.5612809697	0.8516620296
KRI	2	reuters21578	28828	0	93.44451499	144.8984702	0.5396752586	0.853968718
RI	2	reuters21578	5000	1	1.702029943	0.06014609337	0.5565957917	0.8485471089
KRI	2	reuters21578	5000	1	283.145879	382.40521	0.5785684575	0.8478229631
RI	2	reuters21578	10000	1	1.776275873	0.06033301353	0.5556525867	0.8461877479
KRI	2	reuters21578	10000	1	160.094449	228.794354	0.5913776881	0.8496901571
RI	2	reuters21578	28828	1	2.130668879	0.07241010666	0.5589472761	0.8550109729
KRI	2	reuters21578	28828	1	94.0671289	145.1996081	0.5518260617	0.8536478812
RI	2	reuters21578	5000	2	1.723981142	0.05733394623	0.5536141344	0.843099631
KRI	2	reuters21578	5000	2	284.465029	387.892107	0.566534639	0.8439890316
RI	2	reuters21578	10000	2	1.785869122	0.06017184258	0.5534632913	0.8446473273
KRI	2	reuters21578	10000	2	158.797646	230.6987269	0.5816572326	0.8480046103
RI	2	reuters21578	28828	2	2.139938116	0.07261395454	0.5622892995	0.8515693752
KRI	2	reuters21578	28828	2	92.96623278	140.9578221	0.5497507951	0.8529584066
RI	2	reuters21578	5000	3	1.722640991	0.05803585052	0.5467690025	0.8468229397
KRI	2	reuters21578	5000	3	277.1598151	375.549377	0.5803919846	0.8492953696
RI	2	reuters21578	10000	3	1.888501167	0.06023097038	0.5584601532	0.8515750916
KRI	2	reuters21578	10000	3	152.180886	223.006454	0.565627001	0.8537742631
RI	2	reuters21578	28828	3	2.144967079	0.07280898094	0.5627042894	0.8545933294
KRI	2	reuters21578	28828	3	96.06467915	145.461704	0.5580088964	0.8508335771
RI	2	reuters21578	5000	4	1.724176168	0.05813789368	0.5451759167	0.8453274467
KRI	2	reuters21578	5000	4	284.9726012	383.8254149	0.5747570192	0.8444828082
RI	2	reuters21578	10000	4	1.784720898	0.06237411499	0.5590555876	0.8511198946
KRI	2	reuters21578	10000	4	154.7981508	224.2895482	0.5745063261	0.8528606427
RI	2	reuters21578	28828	4	2.141546965	0.07207608223	0.5576390533	0.8532433226
KRI	2	reuters21578	28828	4	95.06224203	146.451165	0.5405984682	0.8495756512
BoW	1	20newsgroups	26747	0	0.8160538673	0.01709294319	0.5944797714	0.6150712831
RI	2	20newsgroups	5000	0	0.7815129757	0.0247938633	0.5656254802	0.5841451426
KRI	2	20newsgroups	5000	0	62.24180412	161.5956919	0.5723639854	0.5850717855
RI	2	20newsgroups	10000	0	0.9345858097	0.02538514137	0.5804574473	0.6004458315
KRI	2	20newsgroups	10000	0	33.60919595	87.71555305	0.6056810557	0.6221923109
RI	2	20newsgroups	26747	0	0.8176341057	0.03301906586	0.5935166503	0.614292055
KRI	2	20newsgroups	26747	0	17.15469909	45.43489194	0.5789492548	0.6024398995
RI	2	20newsgroups	5000	1	0.8794589043	0.02572202683	0.5645454822	0.5844748858
KRI	2	20newsgroups	5000	1	59.43876696	159.254426	0.5754898985	0.586823492
RI	2	20newsgroups	10000	1	0.9413568974	0.02595901489	0.585731197	0.6063034188
KRI	2	20newsgroups	10000	1	35.30907607	86.92266893	0.6131247465	0.6298370247
RI	2	20newsgroups	26747	1	1.194020987	0.03022313118	0.5871878472	0.6080071174
KRI	2	20newsgroups	26747	1	18.233814	46.44113398	0.5754646761	0.5982599336
RI	2	20newsgroups	5000	2	0.805300951	0.0237390995	0.5671499753	0.586954582
KRI	2	20newsgroups	5000	2	59.35453606	158.085429	0.5782984576	0.5898880864
RI	2	20newsgroups	10000	2	0.9463739395	0.02496910095	0.5785868596	0.5986128401
KRI	2	20newsgroups	10000	2	33.61315513	86.42279792	0.60656184	0.6228657516
RI	2	20newsgroups	26747	2	1.084889889	0.03069210052	0.5913477574	0.6115101534
KRI	2	20newsgroups	26747	2	18.44096613	47.29641581	0.5786897868	0.6036415822
RI	2	20newsgroups	5000	3	0.8953619003	0.02414107323	0.5682884973	0.588497151
KRI	2	20newsgroups	5000	3	60.45035815	157.998405	0.5810238523	0.59375
RI	2	20newsgroups	10000	3	0.9409549236	0.02660107613	0.5810327001	0.6015520471
KRI	2	20newsgroups	10000	3	34.21111393	91.1705811	0.6026126813	0.6184685062
RI	2	20newsgroups	26747	3	1.076919079	0.03068900108	0.5891956902	0.6097214831
KRI	2	20newsgroups	26747	3	18.84447598	46.47448111	0.5833438541	0.607895677
RI	2	20newsgroups	5000	4	0.8078269959	0.024695158	0.5616695726	0.5795750022
KRI	2	20newsgroups	5000	4	59.14780307	158.517463	0.5655616648	0.5782035928
RI	2	20newsgroups	10000	4	0.9480719566	0.02549505234	0.5834976711	0.6042628774
KRI	2	20newsgroups	10000	4	35.91434979	87.21932411	0.6093045101	0.6258118235
RI	2	20newsgroups	26747	4	1.077456951	0.03056502342	0.5910029365	0.6112791318
KRI	2	20newsgroups	26747	4	19.131778	46.23473811	0.5795402142	0.6018634653
RI	5	reuters21578	5000	0	5.325091124	0.1275048256	0.555809809	0.8441634813
KRI	5	reuters21578	5000	0	1868.740888	2814.211334	0.5753220234	0.8462093863
RI	5	reuters21578	10000	0	5.547646999	0.1354539394	0.5585265485	0.8485205358
KRI	5	reuters21578	10000	0	1722.704105	2285.994348	0.5857144645	0.8566473988
RI	5	reuters21578	28828	0	5.64790082	0.174695015	0.5631304984	0.8514386377
KRI	5	reuters21578	28828	0	744.186245	898.9639111	0.5498115867	0.8514386377
RI	5	reuters21578	5000	1	5.353486061	0.1308820248	0.5512931497	0.8385663507
KRI	5	reuters21578	5000	1	1874.143517	2806.032461	0.5715068179	0.8382246639
RI	5	reuters21578	10000	1	5.553614855	0.1561741829	0.5577129984	0.848324515
KRI	5	reuters21578	10000	1	1688.400734	2261.572567	0.5853030518	0.8547598504
RI	5	reuters21578	28828	1	5.751610041	0.2246239185	0.5622491076	0.8516451234
KRI	5	reuters21578	28828	1	755.5984371	907.36991	0.5531126349	0.8543094648
RI	5	reuters21578	5000	2	5.348565102	0.1223168373	0.551894147	0.842865566
KRI	5	reuters21578	5000	2	1860.6442	2801.651367	0.5783136665	0.8427274038
RI	5	reuters21578	10000	2	5.450652838	0.1427130699	0.5599318386	0.8485026424
KRI	5	reuters21578	10000	2	1691.410663	2261.445763	0.5812400513	0.8514252807
RI	5	reuters21578	28828	2	5.748219013	0.1749839783	0.5638748557	0.8543007607
KRI	5	reuters21578	28828	2	746.2427011	897.7174809	0.5574848092	0.8555149744
RI	5	reuters21578	5000	3	5.34781003	0.1244449615	0.5565613796	0.8452696729
KRI	5	reuters21578	5000	3	1870.425143	2802.64604	0.5915199479	0.8440023068
RI	5	reuters21578	10000	3	5.651114941	0.1522710323	0.5584532555	0.849419715
KRI	5	reuters21578	10000	3	1703.060026	2275.233215	0.5928489615	0.8557386528
RI	5	reuters21578	28828	3	5.652981997	0.1672050953	0.5602717283	0.8529972153
KRI	5	reuters21578	28828	3	753.883101	911.842351	0.5566333403	0.8538405267
RI	5	reuters21578	5000	4	5.354132891	0.1270680428	0.5580974596	0.8478356566
KRI	5	reuters21578	5000	4	1870.817685	2808.798163	0.5809360913	0.8485981308
RI	5	reuters21578	10000	4	3.456132889	0.1472949982	0.557682171	0.8504700353
KRI	5	reuters21578	10000	4	1687.829634	2265.233041	0.5832055234	0.8563591742
RI	5	reuters21578	28828	4	5.662788868	0.1682860851	0.5610076914	0.8502344666
KRI	5	reuters21578	28828	4	746.5056839	902.8994911	0.5576532767	0.8550109729
RI	5	20newsgroups	5000	0	1.410645962	0.08348703384	0.565792558	0.5851951548
KRI	5	20newsgroups	5000	0	414.220742	1234.577034	0.5710271275	0.5837082262
RI	5	20newsgroups	10000	0	1.500927925	0.06875610352	0.5826951494	0.6023152271
KRI	5	20newsgroups	10000	0	344.138418	943.9252479	0.6028079305	0.619924338
RI	5	20newsgroups	26747	0	1.608022928	0.08794808388	0.5897954601	0.6097993964
KRI	5	20newsgroups	26747	0	166.3410611	399.537045	0.5769407504	0.6003421266
RI	5	20newsgroups	5000	1	1.429900885	0.06198215485	0.5702940708	0.5904321537
KRI	5	20newsgroups	5000	1	410.2816842	1240.278183	0.5732361358	0.5858890831
RI	5	20newsgroups	10000	1	1.516880035	0.0959751606	0.583475426	0.6027470567
KRI	5	20newsgroups	10000	1	343.341507	942.5626869	0.6094633956	0.6274311695
RI	5	20newsgroups	26747	1	1.723656178	0.0885310173	0.5880826297	0.6081488043
KRI	5	20newsgroups	26747	1	162.963881	396.4937069	0.5804970496	0.6041386724
RI	5	20newsgroups	5000	2	1.437032938	0.0753839016	0.5662789379	0.5873526259
KRI	5	20newsgroups	5000	2	413.8149421	1240.150642	0.5771460532	0.5895303714
RI	5	20newsgroups	10000	2	1.433037996	0.06990814209	0.5797691061	0.5998042182
KRI	5	20newsgroups	10000	2	345.4605529	951.0545261	0.602699346	0.6187594554
RI	5	20newsgroups	26747	2	1.526381969	0.09816217422	0.59115028	0.6113870167
KRI	5	20newsgroups	26747	2	163.2769051	397.828934	0.5799705885	0.6032686782
RI	5	20newsgroups	5000	3	1.433537006	0.07520198822	0.5629038096	0.582164689
KRI	5	20newsgroups	5000	3	411.6988471	1239.282058	0.5754144319	0.5879996796
RI	5	20newsgroups	10000	3	1.540740013	0.07436013222	0.5791672965	0.5985557636
KRI	5	20newsgroups	10000	3	345.2524791	941.4618039	0.6030978513	0.6198319328
RI	5	20newsgroups	26747	3	1.63003087	0.0854549408	0.5901710298	0.6104161121
KRI	5	20newsgroups	26747	3	161.749408	394.7424839	0.5842875626	0.6087034384
RI	5	20newsgroups	5000	4	1.43119812	0.07371306419	0.5653895763	0.5844691535
KRI	5	20newsgroups	5000	4	417.7119839	1240.308158	0.5713183262	0.584251717
RI	5	20newsgroups	10000	4	1.445640087	0.08241701126	0.5770924374	0.5975282106
KRI	5	20newsgroups	10000	4	345.656137	947.1614318	0.6011096843	0.6176792787
RI	5	20newsgroups	26747	4	1.629654884	0.08774709702	0.5913773093	0.6108593264
KRI	5	20newsgroups	26747	4	165.3635969	397.2413111	0.5743261304	0.5992993802
RI	10	reuters21578	5000	0	9.838176966	0.2803769112	0.5548566722	0.8439988204
KRI	10	reuters21578	5000	0	3466.765934	5534.170364	0.5802552924	0.8416184971
RI	10	reuters21578	10000	0	10.3574841	0.3014860153	0.5597420379	0.8505510654
KRI	10	reuters21578	10000	0	4001.167365	6164.284776	0.5838213856	0.8567723343
RI	10	reuters21578	5000	1	10.06493092	0.2718961239	0.5566246187	0.8408789264
KRI	10	reuters21578	5000	1	3446.447311	5526.780405	0.5855736734	0.8439256377
RI	10	reuters21578	10000	1	10.361166	0.315928936	0.56113827	0.8502202643
KRI	10	reuters21578	10000	1	4018.540321	6152.262874	0.581420403	0.8569376616
RI	10	reuters21578	5000	2	9.865680933	0.270181179	0.5545662902	0.8459837878
KRI	10	reuters21578	5000	2	3456.220421	5517.380797	0.5805457426	0.8462867012
RI	10	reuters21578	10000	2	10.36651397	0.3278300762	0.5621727295	0.8519168862
KRI	10	reuters21578	10000	2	3998.524043	6138.087317	0.6078960462	0.857347876
RI	10	reuters21578	5000	3	9.96705699	0.2734029293	0.5585315916	0.8441826215
KRI	10	reuters21578	5000	3	3428.883675	5533.647186	0.5818736529	0.8466647416
RI	10	reuters21578	10000	3	10.37217402	0.2966189384	0.558570157	0.848164464
KRI	10	reuters21578	10000	3	4018.175294	6157.415807	0.5865475866	0.8555811277
RI	10	reuters21578	5000	4	9.959254026	0.2677180767	0.5537273743	0.8442225811
KRI	10	reuters21578	5000	4	3438.758504	5510.348249	0.5803075864	0.8457668535
RI	10	reuters21578	10000	4	10.36528182	0.2968370914	0.5576295634	0.8470033868
KRI	10	reuters21578	10000	4	3986.522008	6135.524849	0.5853453032	0.8545977011
RI	10	20newsgroups	5000	0	2.409343958	0.1278979778	0.5630048622	0.5830278101
KRI	10	20newsgroups	5000	0	765.7170269	2444.894744	0.5763434113	0.5888818095
RI	10	20newsgroups	10000	0	2.600347042	0.120980978	0.58551325	0.6052889324
KRI	10	20newsgroups	10000	0	906.7453771	2791.398941	0.6090572899	0.6257492613
RI	10	20newsgroups	5000	1	2.310302973	0.1060740948	0.5643640618	0.5828039724
KRI	10	20newsgroups	5000	1	762.643733	2448.191278	0.577059236	0.5892771661
RI	10	20newsgroups	10000	1	2.518327951	0.1197090149	0.5832248633	0.6034436613
KRI	10	20newsgroups	10000	1	893.7205551	2785.952349	0.6071588802	0.6262558041
RI	10	20newsgroups	5000	2	2.325958014	0.1106519699	0.5655044776	0.5846264239
KRI	10	20newsgroups	5000	2	763.533978	2445.177436	0.5786146298	0.5910222436
RI	10	20newsgroups	10000	2	2.525183916	0.1416299343	0.5816556651	0.6025275899
KRI	10	20newsgroups	10000	2	900.477052	2788.785515	0.6074841214	0.6236016486
RI	10	20newsgroups	5000	3	2.434891939	0.1173789501	0.5698254954	0.5883928571
KRI	10	20newsgroups	5000	3	771.8032241	2450.111366	0.5800750572	0.592195746
RI	10	20newsgroups	10000	3	2.6330688	0.1211240292	0.5771910294	0.5980374665
KRI	10	20newsgroups	10000	3	901.2284679	2787.37819	0.6014819747	0.6186747495
RI	10	20newsgroups	5000	4	2.335635185	0.1235048771	0.5691424232	0.5867383513
KRI	10	20newsgroups	5000	4	766.225899	2445.233021	0.5816496884	0.5928525846
RI	10	20newsgroups	10000	4	2.626415014	0.1357297897	0.5777727329	0.5961092272
KRI	10	20newsgroups	10000	4	897.9817369	2782.959391	0.6048377046	0.6195880622
RI	2	reuters21578	2500	0	1.607230902	0.08923006058	0.541176846	0.8281481481
KRI	2	reuters21578	2500	0	498.5845509	705.1524231	0.5595121053	0.8208976764
RI	2	reuters21578	6000	0	1.631412029	0.08206796646	0.5481577952	0.8446730345
KRI	2	reuters21578	6000	0	234.839541	323.540592	0.5759074248	0.8450825556
RI	2	reuters21578	7000	0	1.736990929	0.05921602249	0.5548444854	0.8489568028
KRI	2	reuters21578	7000	0	211.9781849	287.71278	0.5864761593	0.853742472
RI	2	reuters21578	8000	0	1.74307394	0.06399297714	0.5569563855	0.846391298
KRI	2	reuters21578	8000	0	188.6374011	262.3999679	0.591776166	0.8514252807
RI	2	reuters21578	9000	0	1.751003027	0.06377792358	0.550852794	0.8454973514
KRI	2	reuters21578	9000	0	172.8168671	240.1787391	0.5753778992	0.8504916137
RI	2	reuters21578	15000	0	1.760117054	0.06393909454	0.5639152347	0.8521662763
KRI	2	reuters21578	15000	0	124.418478	182.2001431	0.5785887696	0.8610951009
RI	2	reuters21578	2500	1	1.650653124	0.05595302582	0.5362387165	0.831138079
KRI	2	reuters21578	2500	1	489.6165569	694.41572	0.5699152564	0.8288133161
RI	2	reuters21578	6000	1	1.639773846	0.05740904808	0.5574075346	0.8454973514
KRI	2	reuters21578	6000	1	239.4554012	323.3251488	0.5843612207	0.846776525
RI	2	reuters21578	7000	1	1.648393869	0.06438612938	0.5529788732	0.8453274467
KRI	2	reuters21578	7000	1	208.5480599	285.647716	0.5943194817	0.8474917349
RI	2	reuters21578	8000	1	1.745433092	0.07268285751	0.5547340804	0.8465950875
KRI	2	reuters21578	8000	1	187.852608	260.6657269	0.5789460241	0.848073871
RI	2	reuters21578	9000	1	1.750253916	0.05930113792	0.5638939328	0.8514009095
KRI	2	reuters21578	9000	1	170.804208	240.010509	0.5701991742	0.8531528938
RI	2	reuters21578	15000	1	1.741983891	0.0622420311	0.5578646095	0.8508011172
KRI	2	reuters21578	15000	1	125.510402	183.599422	0.5823874421	0.8546217272
RI	2	reuters21578	2500	2	1.639183044	0.06194090843	0.548461583	0.8376220053
KRI	2	reuters21578	2500	2	491.005327	696.774271	0.5805851581	0.8315804639
RI	2	reuters21578	6000	2	1.741494894	0.07122206688	0.5569401497	0.8459499264
KRI	2	reuters21578	6000	2	243.2662089	328.517843	0.5805782622	0.8463868455
RI	2	reuters21578	7000	2	1.754864931	0.06028604507	0.5561424399	0.8455093341
KRI	2	reuters21578	7000	2	210.6956499	287.2613959	0.5779995951	0.8476478205
RI	2	reuters21578	8000	2	1.75606513	0.06058883667	0.5572325444	0.8480305703
KRI	2	reuters21578	8000	2	191.565073	266.2027259	0.5821577874	0.8482400462
RI	2	reuters21578	9000	2	1.744270802	0.06108403206	0.5556154029	0.8483956432
KRI	2	reuters21578	9000	2	171.9169421	239.095659	0.5714805927	0.8501079914
RI	2	reuters21578	15000	2	1.752449036	0.06473708153	0.5569242379	0.8506388603
KRI	2	reuters21578	15000	2	126.4039671	184.6652329	0.5959588194	0.8591224018
RI	2	reuters21578	2500	3	1.645684004	0.07441306114	0.5487710021	0.8362081675
KRI	2	reuters21578	2500	3	487.296839	693.0775309	0.57290416	0.8298909925
RI	2	reuters21578	6000	3	1.742480993	0.0810790062	0.5562529365	0.8465842167
KRI	2	reuters21578	6000	3	241.981225	325.892957	0.5820440015	0.8506307339
RI	2	reuters21578	7000	3	1.746203899	0.09507918358	0.5577345919	0.845124283
KRI	2	reuters21578	7000	3	211.998359	291.5536511	0.5936276679	0.8536515239
RI	2	reuters21578	8000	3	1.752952099	0.06575703621	0.5532784177	0.8472140762
KRI	2	reuters21578	8000	3	188.3372321	264.0734448	0.5761064269	0.8478479919
RI	2	reuters21578	9000	3	1.644783974	0.05891609192	0.5557702705	0.847672363
KRI	2	reuters21578	9000	3	174.1539111	242.345865	0.5721021398	0.8529454126
RI	2	reuters21578	15000	3	1.742282152	0.06295990944	0.5577552682	0.8500146757
KRI	2	reuters21578	15000	3	126.0160511	184.8452291	0.5823073627	0.8540914995
RI	2	reuters21578	2500	4	1.639026165	0.06320381165	0.5458417707	0.8372641509
KRI	2	reuters21578	2500	4	491.5277822	700.325012	0.5639984813	0.8282799253
RI	2	reuters21578	6000	4	1.764799118	0.06133580208	0.5598379405	0.8439664064
KRI	2	reuters21578	6000	4	240.85095	323.4649339	0.5883744129	0.8424085278
RI	2	reuters21578	7000	4	1.743834019	0.08083295822	0.5583959412	0.8474178404
KRI	2	reuters21578	7000	4	210.3876209	288.730798	0.5893871172	0.8490266763
RI	2	reuters21578	8000	4	1.762403011	0.06384515762	0.5550333915	0.8477813694
KRI	2	reuters21578	8000	4	189.1537859	260.2364631	0.584656624	0.8506409333
RI	2	reuters21578	9000	4	1.753006935	0.06193208694	0.5601822025	0.8492949471
KRI	2	reuters21578	9000	4	174.308862	243.9435012	0.5799700587	0.8534408293
RI	2	reuters21578	15000	4	1.747336864	0.06428909302	0.5557963897	0.8499558694
KRI	2	reuters21578	15000	4	123.601912	181.634465	0.5782867398	0.8576779026
RI	2	20newsgroups	2500	0	0.8025121689	0.02269291878	0.533847713	0.5510368974
KRI	2	20newsgroups	2500	0	103.317049	291.2903872	0.5066641981	0.5144680542
RI	2	20newsgroups	6000	0	0.8080718517	0.02726006508	0.5711771559	0.589637863
KRI	2	20newsgroups	6000	0	52.50736713	133.9383008	0.5861725727	0.5995293354
RI	2	20newsgroups	7000	0	0.8076779842	0.02408885956	0.5758751099	0.595057543
KRI	2	20newsgroups	7000	0	45.19601607	117.491575	0.590744141	0.6047658176
RI	2	20newsgroups	8000	0	0.8180680275	0.02381205559	0.5767110709	0.5960099751
KRI	2	20newsgroups	8000	0	39.99002194	103.0551779	0.5979992296	0.6118713932
RI	2	20newsgroups	9000	0	0.8354790211	0.03645896912	0.5809201018	0.6019193176
KRI	2	20newsgroups	9000	0	36.49912906	94.72940898	0.6099530305	0.6256308431
RI	2	20newsgroups	15000	0	0.8199000359	0.03482508659	0.5857428122	0.6061036196
KRI	2	20newsgroups	15000	0	24.76240897	65.84396505	0.6041563105	0.6245812935
RI	2	20newsgroups	2500	1	0.8262522221	0.02908492088	0.5278928421	0.5468171558
KRI	2	20newsgroups	2500	1	100.6274121	290.7082701	0.505081692	0.5138041267
RI	2	20newsgroups	6000	1	0.8250770569	0.0288438797	0.5711931948	0.5902989082
KRI	2	20newsgroups	6000	1	50.73588395	134.3030059	0.5832378862	0.5970173317
RI	2	20newsgroups	7000	1	0.8259539604	0.02994298935	0.5772453775	0.5965350956
KRI	2	20newsgroups	7000	1	44.40578794	116.728651	0.5925585128	0.6057629339
RI	2	20newsgroups	8000	1	0.8225879669	0.02990412712	0.5801764414	0.5994813556
KRI	2	20newsgroups	8000	1	45.9061141	104.6440089	0.6003761899	0.6162180182
RI	2	20newsgroups	9000	1	0.8264739513	0.04268789291	0.5803583788	0.599553372
KRI	2	20newsgroups	9000	1	35.70172811	94.09983587	0.6063604472	0.6231306082
RI	2	20newsgroups	15000	1	0.9381980896	0.03333592415	0.5882901758	0.6080612154
KRI	2	20newsgroups	15000	1	25.977036	65.01516795	0.6061645744	0.6259791685
RI	2	20newsgroups	2500	2	0.7313871384	0.0283639431	0.5300374732	0.5489704566
KRI	2	20newsgroups	2500	2	104.6704559	294.1492321	0.5041296191	0.5118626956
RI	2	20newsgroups	6000	2	0.8310639858	0.03354215622	0.5686986761	0.5880986419
KRI	2	20newsgroups	6000	2	50.12793207	132.8227429	0.5791727586	0.5929623963
RI	2	20newsgroups	7000	2	0.8331809044	0.02912092209	0.5762654612	0.5951002227
KRI	2	20newsgroups	7000	2	44.32273006	117.1735609	0.5934950104	0.6079674797
RI	2	20newsgroups	8000	2	0.8424429893	0.02767300606	0.579458009	0.5977524081
KRI	2	20newsgroups	8000	2	39.60487199	104.0487189	0.6014446476	0.6156386756
RI	2	20newsgroups	9000	2	0.8399369717	0.02610397339	0.5775020221	0.5975696926
KRI	2	20newsgroups	9000	2	35.81563687	93.52580595	0.603715685	0.6193129834
RI	2	20newsgroups	15000	2	0.9284250736	0.02976799011	0.5882212444	0.6088884946
KRI	2	20newsgroups	15000	2	24.38097	65.00667501	0.6102357718	0.6300806037
RI	2	20newsgroups	2500	3	0.7319579124	0.02237010002	0.5344542539	0.5530815818
KRI	2	20newsgroups	2500	3	105.7449219	290.986033	0.5078935207	0.5157151096
RI	2	20newsgroups	6000	3	0.8359379768	0.05459713936	0.5720556929	0.5917254937
KRI	2	20newsgroups	6000	3	50.62937498	133.111768	0.5854883566	0.59941757
RI	2	20newsgroups	7000	3	0.8451139927	0.03786492348	0.5752898783	0.5960371296
KRI	2	20newsgroups	7000	3	46.22653103	116.7153878	0.5951336101	0.6104352086
RI	2	20newsgroups	8000	3	0.8509609699	0.02441096306	0.5832792623	0.6030195382
KRI	2	20newsgroups	8000	3	40.91862416	104.489563	0.599668688	0.6151690025
RI	2	20newsgroups	9000	3	0.8424010277	0.02987194061	0.5795780351	0.5988459831
KRI	2	20newsgroups	9000	3	35.52804494	92.70498705	0.606554959	0.6216350124
RI	2	20newsgroups	15000	3	0.9328341484	0.03055000305	0.5873450126	0.6069333333
KRI	2	20newsgroups	15000	3	25.17798686	64.79847217	0.6071113462	0.6262817751
RI	2	20newsgroups	2500	4	0.7383999825	0.02221679688	0.5316093662	0.5499775483
KRI	2	20newsgroups	2500	4	104.8875248	292.5892131	0.5029888721	0.5124591355
RI	2	20newsgroups	6000	4	0.8551521301	0.02710390091	0.5707720599	0.5887515673
KRI	2	20newsgroups	6000	4	49.15492606	133.16698	0.5836593247	0.5966931431
RI	2	20newsgroups	7000	4	0.840788126	0.03262686729	0.5739070236	0.5931490922
KRI	2	20newsgroups	7000	4	43.53554106	116.2017069	0.5953778789	0.6096538114
RI	2	20newsgroups	8000	4	0.8537759781	0.02459001541	0.5819236247	0.60085303
KRI	2	20newsgroups	8000	4	39.61036396	103.5258729	0.5987607901	0.6130711394
RI	2	20newsgroups	9000	4	0.8422021866	0.03766083717	0.5750869122	0.5955277281
KRI	2	20newsgroups	9000	4	35.62864804	93.51265907	0.6024513245	0.6180942095
RI	2	20newsgroups	15000	4	0.9521639347	0.03075504303	0.5837001921	0.6027812444
KRI	2	20newsgroups	15000	4	24.7846992	64.11598897	0.6084306368	0.6278810727
RI	5	reuters21578	2500	0	3.26669693	0.1178061962	0.5602799928	0.8416249632
KRI	5	reuters21578	2500	0	1674.912334	2633.756102	0.5872845928	0.8379888268
RI	5	reuters21578	6000	0	3.365081072	0.145264864	0.5538031959	0.8466637207
KRI	5	reuters21578	6000	0	1888.43012	2754.580724	0.5884787628	0.8494375541
RI	5	reuters21578	7000	0	5.568331957	0.12575984	0.5601876955	0.8481721698
KRI	5	reuters21578	7000	0	1842.258671	2643.04333	0.581378545	0.8521839745
RI	5	reuters21578	8000	0	5.566144943	0.1322510242	0.5563979804	0.8509826929
KRI	5	reuters21578	8000	0	1811.865716	2510.777101	0.5910072775	0.8552101324
RI	5	reuters21578	9000	0	5.571253061	0.1379299164	0.56048097	0.8479953003
KRI	5	reuters21578	9000	0	1757.668737	2399.211325	0.5808642313	0.8514565907
RI	5	reuters21578	15000	0	5.770047188	0.1469449997	0.5578261948	0.8541331383
KRI	5	reuters21578	15000	0	1336.830882	1688.398906	0.5718912513	0.8564420719
RI	5	reuters21578	2500	1	5.161736965	0.114700079	0.5372192071	0.8317243428
KRI	5	reuters21578	2500	1	1682.471441	2645.534147	0.5694217131	0.8248227976
RI	5	reuters21578	6000	1	5.467381001	0.1245031357	0.557035131	0.8483956432
KRI	5	reuters21578	6000	1	1874.310424	2734.602856	0.5840208957	0.8512658228
RI	5	reuters21578	7000	1	3.363359928	0.1410989761	0.556787842	0.8465733235
KRI	5	reuters21578	7000	1	1856.614481	2648.58074	0.5860163763	0.8516017814
RI	5	reuters21578	8000	1	5.455425978	0.1284649372	0.5545907389	0.8456435206
KRI	5	reuters21578	8000	1	1827.406897	2533.904183	0.5847799545	0.8488708743
RI	5	reuters21578	9000	1	5.559616804	0.130906105	0.5604097226	0.8501834189
KRI	5	reuters21578	9000	1	1746.304036	2390.309276	0.5973086353	0.8499205547
RI	5	reuters21578	15000	1	5.556816101	0.1469609737	0.5598539095	0.8525311812
KRI	5	reuters21578	15000	1	1330.920688	1676.443492	0.5751007572	0.8576784427
RI	5	reuters21578	2500	2	5.160662174	0.1374089718	0.547984839	0.8345153664
KRI	5	reuters21578	2500	2	1672.041956	2647.860536	0.5724248995	0.828248102
RI	5	reuters21578	6000	2	5.461828947	0.1723351479	0.5620974931	0.8465717222
KRI	5	reuters21578	6000	2	1863.489025	2753.547218	0.584319851	0.8482322506
RI	5	reuters21578	7000	2	5.55979681	0.1621580124	0.5574105029	0.8471628592
KRI	5	reuters21578	7000	2	1839.924161	2640.314613	0.5949044116	0.8550014413
RI	5	reuters21578	8000	2	5.451334953	0.1315619946	0.5579387381	0.8464705882
KRI	5	reuters21578	8000	2	1812.838448	2523.132307	0.5920499884	0.8512420566
RI	5	reuters21578	9000	2	5.453859091	0.1281449795	0.5635555143	0.8501466276
KRI	5	reuters21578	9000	2	1759.813119	2398.45992	0.582694969	0.8534445563
RI	5	reuters21578	15000	2	5.555243969	0.1438601017	0.5613150931	0.853036081
KRI	5	reuters21578	15000	2	1329.13867	1671.026144	0.5797951764	0.8611791841
RI	5	reuters21578	2500	3	5.151921988	0.1160259247	0.5506873483	0.835495283
KRI	5	reuters21578	2500	3	1679.875767	2642.579892	0.5766194561	0.8249496982
RI	5	reuters21578	6000	3	5.460571051	0.1633999348	0.5515617998	0.8433770443
KRI	5	reuters21578	6000	3	1878.081965	2739.743315	0.586983523	0.8499137435
RI	5	reuters21578	7000	3	5.44800806	0.1373510361	0.5624420454	0.8496539538
KRI	5	reuters21578	7000	3	1857.030022	2670.744255	0.5897106064	0.8532295271
RI	5	reuters21578	8000	3	5.455125093	0.1398038864	0.5612593654	0.8466960352
KRI	5	reuters21578	8000	3	1794.504574	2525.665648	0.5854523759	0.8538649075
RI	5	reuters21578	9000	3	5.458262205	0.1289007664	0.556260923	0.8497866706
KRI	5	reuters21578	9000	3	1760.608069	2403.105691	0.574596139	0.8533525595
RI	5	reuters21578	15000	3	5.553226948	0.1441040039	0.5571137662	0.8519061584
KRI	5	reuters21578	15000	3	1327.32419	1663.809783	0.5752487254	0.8597402597
RI	5	reuters21578	2500	4	3.252450943	0.1482319832	0.5585534885	0.8372230428
KRI	5	reuters21578	2500	4	1677.726626	2642.548331	0.5983080389	0.8307160352
RI	5	reuters21578	6000	4	5.462119818	0.1253151894	0.5565652283	0.8474326909
KRI	5	reuters21578	6000	4	1868.273788	2747.3361	0.5862793274	0.8536271283
RI	5	reuters21578	7000	4	5.455141068	0.1697099209	0.5539107547	0.8453030526
KRI	5	reuters21578	7000	4	1858.653964	2629.231016	0.5894393887	0.8496110631
RI	5	reuters21578	8000	4	3.451954842	0.1424050331	0.5634047086	0.8499042569
KRI	5	reuters21578	8000	4	1813.992691	2522.229047	0.6014974516	0.8503028555
RI	5	reuters21578	9000	4	5.56262207	0.1751360893	0.5572412046	0.8490898415
KRI	5	reuters21578	9000	4	1762.903769	2391.375392	0.5855568502	0.8524448291
RI	5	reuters21578	15000	4	5.648989916	0.142398119	0.5568181504	0.8525406355
KRI	5	reuters21578	15000	4	1315.649699	1657.482817	0.5818381893	0.8590797635
RI	5	20newsgroups	2500	0	1.30393815	0.05469489098	0.5368218532	0.5541887402
KRI	5	20newsgroups	2500	0	372.616879	1175.737391	0.5017732995	0.5103689151
RI	5	20newsgroups	6000	0	1.4009552	0.06220889091	0.5660842901	0.5866307761
KRI	5	20newsgroups	6000	0	403.6391518	1190.60382	0.5868386407	0.6006020666
RI	5	20newsgroups	7000	0	1.413594961	0.06598591805	0.5780861179	0.5964349376
KRI	5	20newsgroups	7000	0	390.733283	1139.751498	0.5951710808	0.6080418437
RI	5	20newsgroups	8000	0	1.509747982	0.07658720016	0.5748100636	0.5953355884
KRI	5	20newsgroups	8000	0	376.0916779	1076.522954	0.602671734	0.6174164259
RI	5	20newsgroups	9000	0	1.525513172	0.0680270195	0.5784867009	0.5980506125
KRI	5	20newsgroups	9000	0	358.6859591	1005.553634	0.5996847897	0.6159377874
RI	5	20newsgroups	15000	0	1.523057938	0.08573698998	0.5824493791	0.6026052819
KRI	5	20newsgroups	15000	0	270.3561401	688.2754769	0.6055798185	0.6239875926
RI	5	20newsgroups	2500	1	1.34650898	0.05566906929	0.5362490733	0.5544447447
KRI	5	20newsgroups	2500	1	373.7286372	1175.932563	0.5066881825	0.5152262181
RI	5	20newsgroups	6000	1	1.418231964	0.06044602394	0.5699326072	0.5897642736
KRI	5	20newsgroups	6000	1	405.7598341	1198.04627	0.5865352402	0.6003746233
RI	5	20newsgroups	7000	1	1.425522089	0.0760140419	0.5755344589	0.5957408892
KRI	5	20newsgroups	7000	1	392.8467381	1136.880165	0.5975188786	0.6123853211
RI	5	20newsgroups	8000	1	1.421854973	0.0722360611	0.5800896549	0.5999464334
KRI	5	20newsgroups	8000	1	376.3073649	1075.537343	0.6053075124	0.6196415297
RI	5	20newsgroups	9000	1	1.536123037	0.0668990612	0.5820174483	0.6028810244
KRI	5	20newsgroups	9000	1	364.4853179	1009.41445	0.601840554	0.618872344
RI	5	20newsgroups	15000	1	1.538260221	0.07420396805	0.5835194489	0.603988604
KRI	5	20newsgroups	15000	1	267.910151	691.3987439	0.6097372661	0.6296740995
RI	5	20newsgroups	2500	2	1.348883152	0.05450892448	0.533258251	0.5523140645
KRI	5	20newsgroups	2500	2	378.4142509	1171.643757	0.5066251642	0.5146930463
RI	5	20newsgroups	6000	2	1.438405991	0.1013479233	0.5770866251	0.5967727556
KRI	5	20newsgroups	6000	2	404.9875841	1195.772627	0.5894402709	0.6026640676
RI	5	20newsgroups	7000	2	1.428698778	0.06315112114	0.5740502035	0.5927977839
KRI	5	20newsgroups	7000	2	387.437746	1139.056994	0.5929278787	0.6062443661
RI	5	20newsgroups	8000	2	1.436456919	0.06420612335	0.5806522455	0.6007658741
KRI	5	20newsgroups	8000	2	378.4452322	1073.638266	0.6017355359	0.617956144
RI	5	20newsgroups	9000	2	1.539090872	0.07765817642	0.5791017865	0.5998569641
KRI	5	20newsgroups	9000	2	363.194123	1009.43041	0.6062241672	0.6213916236
RI	5	20newsgroups	15000	2	1.543580055	0.08241891861	0.5859800142	0.6058172734
KRI	5	20newsgroups	15000	2	271.888284	693.70874	0.6050288008	0.6251403888
RI	5	20newsgroups	2500	3	1.345951796	0.05701613426	0.5403616191	0.5574479589
KRI	5	20newsgroups	2500	3	376.551697	1170.265315	0.5119268053	0.5206720234
RI	5	20newsgroups	6000	3	1.451411009	0.07186698914	0.5724067361	0.5908522423
KRI	5	20newsgroups	6000	3	400.788413	1199.679714	0.5841079531	0.5965564627
RI	5	20newsgroups	7000	3	1.442980051	0.08282089233	0.5724780449	0.5915819511
KRI	5	20newsgroups	7000	3	391.755558	1137.235484	0.5953142946	0.610180624
RI	5	20newsgroups	8000	3	1.450463057	0.07055997849	0.5775371097	0.5967669912
KRI	5	20newsgroups	8000	3	379.166693	1065.81178	0.5999207155	0.616058877
RI	5	20newsgroups	9000	3	1.540921927	0.06469392776	0.5794834264	0.6008046491
KRI	5	20newsgroups	9000	3	361.8153811	1009.294353	0.5990969636	0.6161980697
RI	5	20newsgroups	15000	3	1.544496059	0.07449293137	0.5851329163	0.605188344
KRI	5	20newsgroups	15000	3	274.086874	698.5585189	0.6069293417	0.62624699
RI	5	20newsgroups	2500	4	1.328252077	0.06038403511	0.5400895279	0.5572130415
KRI	5	20newsgroups	2500	4	373.5122521	1170.220296	0.5066348194	0.5146062505
RI	5	20newsgroups	6000	4	1.446126938	0.07019495964	0.5767765446	0.5972866833
KRI	5	20newsgroups	6000	4	404.29845	1199.469253	0.5854353133	0.6001444971
RI	5	20newsgroups	7000	4	1.439221144	0.06262087822	0.5740389424	0.5925594706
KRI	5	20newsgroups	7000	4	391.967042	1135.862101	0.5962775378	0.6101667212
RI	5	20newsgroups	8000	4	1.548071146	0.06748485565	0.575656947	0.5949185901
KRI	5	20newsgroups	8000	4	373.611099	1071.443206	0.5942821185	0.6098333333
RI	5	20newsgroups	9000	4	1.442030907	0.07962918282	0.5770749418	0.5970895456
KRI	5	20newsgroups	9000	4	364.6098371	1009.698721	0.6001786122	0.616498793
RI	5	20newsgroups	15000	4	1.644963026	0.08336091042	0.5883057975	0.6088809947
KRI	5	20newsgroups	15000	4	270.4178381	693.5376191	0.609689636	0.6272250408
RI	10	reuters21578	2500	0	9.174500942	0.2406890392	0.5520504628	0.8330122981
KRI	10	reuters21578	2500	0	2910.469722	4734.069	0.5736132216	0.8268317259
RI	10	reuters21578	6000	0	10.09116912	0.2715909481	0.5572580142	0.8465157307
KRI	10	reuters21578	6000	0	3581.954637	5714.177669	0.5927573619	0.8492006337
RI	10	reuters21578	7000	0	10.19125199	0.2806479931	0.5559924876	0.8463126844
KRI	10	reuters21578	7000	0	3714.891064	5833.983196	0.5869571799	0.8536480069
RI	10	reuters21578	8000	0	10.28028178	0.3143122196	0.5569861342	0.8504260946
KRI	10	reuters21578	8000	0	3799.9461	5953.819548	0.5804334357	0.8497978047
RI	10	reuters21578	9000	0	10.37924695	0.3040440083	0.5577851988	0.8485116416
KRI	10	reuters21578	9000	0	3913.496846	6075.336914	0.5813181547	0.8514822849
RI	10	reuters21578	15000	0	10.58274984	0.3416240215	0.561515487	0.8511013216
KRI	10	reuters21578	15000	0	4309.483248	6395.932412	0.5734811234	0.8561515108
RI	10	reuters21578	2500	1	9.176862955	0.255202055	0.5534297057	0.8385193924
KRI	10	reuters21578	2500	1	2896.28297	4724.580078	0.5835884176	0.831444556
RI	10	reuters21578	6000	1	10.0714879	0.2776269913	0.5592235675	0.8454733117
KRI	10	reuters21578	6000	1	3579.413912	5704.347938	0.579972368	0.8457984407
RI	10	reuters21578	7000	1	10.19043112	0.3076198101	0.5588254228	0.8460291734
KRI	10	reuters21578	7000	1	3699.726039	5851.062717	0.5833120934	0.8472863741
RI	10	reuters21578	8000	1	10.280406	0.2836179733	0.5558881444	0.8498017912
KRI	10	reuters21578	8000	1	3821.22508	5957.197997	0.5804007359	0.8510822511
RI	10	reuters21578	9000	1	10.382967	0.2889509201	0.5562365965	0.8480211858
KRI	10	reuters21578	9000	1	3899.346172	6067.233084	0.5890175633	0.8552537013
RI	10	reuters21578	15000	1	10.58311105	0.3320159912	0.561240501	0.8500146757
KRI	10	reuters21578	15000	1	4300.694366	6356.763099	0.5812200075	0.8600722022
RI	10	reuters21578	2500	2	9.17249012	0.2482008934	0.5341317982	0.8325684678
KRI	10	reuters21578	2500	2	2906.141907	4726.793917	0.5803815507	0.8281925627
RI	10	reuters21578	6000	2	10.08351398	0.2756688595	0.5600984593	0.8489759835
KRI	10	reuters21578	6000	2	3581.781934	5714.094274	0.5786420968	0.8458098947
RI	10	reuters21578	7000	2	10.38063097	0.3096408844	0.5594993277	0.8448047163
KRI	10	reuters21578	7000	2	3708.770471	5859.386469	0.5839920103	0.8515422312
RI	10	reuters21578	8000	2	10.26400399	0.2876780033	0.5585650972	0.8487690504
KRI	10	reuters21578	8000	2	3800.727801	5974.955888	0.5870448279	0.8550164591
RI	10	reuters21578	9000	2	10.27515221	0.2880139351	0.5618630802	0.8496251654
KRI	10	reuters21578	9000	2	3901.13252	6059.065503	0.5853657074	0.8570194384
RI	10	reuters21578	15000	2	10.58057404	0.3266088963	0.5576950583	0.8510138113
KRI	10	reuters21578	15000	2	4283.46919	6371.180883	0.5723302737	0.85981847
RI	10	reuters21578	2500	3	9.176197052	0.2408390045	0.5548704742	0.8374631268
KRI	10	reuters21578	2500	3	2901.689844	4724.693701	0.5801440427	0.8300531533
RI	10	reuters21578	6000	3	10.08039594	0.2819318771	0.5575017117	0.8466960352
KRI	10	reuters21578	6000	3	3575.950519	5815.822033	0.5823682187	0.8479724889
RI	10	reuters21578	7000	3	10.47794199	0.2914509773	0.5555860848	0.847826087
KRI	10	reuters21578	7000	3	4127.347642	6177.87926	0.5948705263	0.8486416559
RI	10	reuters21578	8000	3	10.68759513	0.3067069054	0.563177314	0.8499632623
KRI	10	reuters21578	8000	3	4181.962649	6368.998721	0.5870702585	0.8560311284
RI	10	reuters21578	9000	3	10.58295298	0.3271229267	0.5581296335	0.852041563
KRI	10	reuters21578	9000	3	4247.765635	6083.192864	0.5846039272	0.8550953132
RI	10	reuters21578	15000	3	10.57367301	0.3294229507	0.558392082	0.8500586854
KRI	10	reuters21578	15000	3	4304.762308	6375.479452	0.5734654526	0.8565656566
RI	10	reuters21578	2500	4	9.173970938	0.2382049561	0.5570949967	0.8420897719
KRI	10	reuters21578	2500	4	2897.923324	4724.636751	0.5891569163	0.8375358166
RI	10	reuters21578	6000	4	10.08031797	0.2693879604	0.556887472	0.84616517
KRI	10	reuters21578	6000	4	3569.079175	5708.943483	0.5837831265	0.8506708989
RI	10	reuters21578	7000	4	10.17055893	0.2796320915	0.5595833338	0.8480140701
KRI	10	reuters21578	7000	4	3704.843217	5849.152416	0.5818834612	0.8523932359
RI	10	reuters21578	8000	4	10.37073708	0.2819168568	0.5595719136	0.849419715
KRI	10	reuters21578	8000	4	3822.761948	5963.553501	0.5960293152	0.8542324247
RI	10	reuters21578	9000	4	10.37624288	0.3337309361	0.5581793821	0.8517702365
KRI	10	reuters21578	9000	4	3916.345205	6058.978013	0.5844181739	0.8529793681
RI	10	reuters21578	15000	4	10.57647586	0.3267970085	0.5587077608	0.8529844163
KRI	10	reuters21578	15000	4	4276.811863	6376.825608	0.5799892777	0.8609060646
RI	10	20newsgroups	2500	0	2.107838869	0.09323501587	0.5251294074	0.5447316103
KRI	10	20newsgroups	2500	0	616.7161021	1977.133229	0.5092374056	0.5182801989
RI	10	20newsgroups	6000	0	2.40963912	0.1102640629	0.5726249785	0.5917053986
KRI	10	20newsgroups	6000	0	805.4001329	2559.553109	0.5898248159	0.6029865282
RI	10	20newsgroups	7000	0	2.414565086	0.1129508018	0.5782168181	0.5972122945
KRI	10	20newsgroups	7000	0	838.3004529	2642.545178	0.5999744487	0.6144956249
RI	10	20newsgroups	8000	0	2.417773008	0.1177639961	0.582072723	0.6009289032
KRI	10	20newsgroups	8000	0	865.1602759	2707.462235	0.6027311504	0.6180307437
RI	10	20newsgroups	9000	0	2.626688957	0.1184809208	0.5783124505	0.5988932524
KRI	10	20newsgroups	9000	0	881.211446	2763.768976	0.6040264558	0.6209724663
RI	10	20newsgroups	15000	0	2.74229002	0.1558310986	0.5876645959	0.6076107299
KRI	10	20newsgroups	15000	0	936.301852	2794.034654	0.6057477301	0.624568668
RI	10	20newsgroups	2500	1	2.129310131	0.09541296959	0.5366311214	0.5562758869
KRI	10	20newsgroups	2500	1	616.255482	1974.844828	0.5091424001	0.5182215743
RI	10	20newsgroups	6000	1	2.339843988	0.1143059731	0.5752377843	0.5954334641
KRI	10	20newsgroups	6000	1	805.086947	2563.249678	0.5941531977	0.6077812829
RI	10	20newsgroups	7000	1	2.535747051	0.1464390755	0.5791295694	0.5997322624
KRI	10	20newsgroups	7000	1	834.703563	2648.733034	0.593952823	0.6097761685
RI	10	20newsgroups	8000	1	2.449364901	0.1183850765	0.5770260323	0.5969642857
KRI	10	20newsgroups	8000	1	858.5690749	2705.30916	0.605505609	0.6208039785
RI	10	20newsgroups	9000	1	2.546676159	0.1345639229	0.5797005461	0.6005539176
KRI	10	20newsgroups	9000	1	878.4758492	2759.633714	0.6067740655	0.6237673408
RI	10	20newsgroups	15000	1	2.653408051	0.1493170261	0.5860235339	0.6063300142
KRI	10	20newsgroups	15000	1	937.4423769	2788.947201	0.6055545439	0.6256046994
RI	10	20newsgroups	2500	2	2.140667915	0.125344038	0.5400501659	0.5579314664
KRI	10	20newsgroups	2500	2	613.9452739	1973.812779	0.5077802011	0.5165113086
RI	10	20newsgroups	6000	2	2.453335047	0.1088428497	0.5702364938	0.5893927198
KRI	10	20newsgroups	6000	2	802.1462002	2570.218038	0.5878012215	0.6013230074
RI	10	20newsgroups	7000	2	2.546310902	0.1722919941	0.5754974879	0.5954103045
KRI	10	20newsgroups	7000	2	832.9059298	2638.556485	0.5962078003	0.6114795709
RI	10	20newsgroups	8000	2	2.438224077	0.1188380718	0.5823830728	0.6027616927
KRI	10	20newsgroups	8000	2	854.4469471	2706.971901	0.604361087	0.6197791248
RI	10	20newsgroups	9000	2	2.554389	0.1258399487	0.5807403947	0.6015185351
KRI	10	20newsgroups	9000	2	889.962461	2756.30694	0.6056833188	0.6223262032
RI	10	20newsgroups	15000	2	2.748537064	0.1338350773	0.5852351805	0.6059257941
KRI	10	20newsgroups	15000	2	931.130883	2800.040824	0.6052194963	0.6242016226
RI	10	20newsgroups	2500	3	2.054220915	0.09399199486	0.5406675006	0.557852349
KRI	10	20newsgroups	2500	3	622.8918529	1978.641057	0.5101095169	0.5180661578
RI	10	20newsgroups	6000	3	2.358256102	0.1097021103	0.5769672889	0.5960784314
KRI	10	20newsgroups	6000	3	803.0270529	2557.390148	0.5937874652	0.6079223929
RI	10	20newsgroups	7000	3	2.444648981	0.1130180359	0.5793726999	0.6003204558
KRI	10	20newsgroups	7000	3	830.010278	2643.916868	0.5978969906	0.6130218119
RI	10	20newsgroups	8000	3	2.550559998	0.1464300156	0.5812477232	0.6015171798
KRI	10	20newsgroups	8000	3	866.8846359	2715.095285	0.6035599697	0.6185515873
RI	10	20newsgroups	9000	3	2.637779951	0.1183440685	0.5800554592	0.6002679768
KRI	10	20newsgroups	9000	3	880.4066029	2753.453951	0.6065933803	0.6231265176
RI	10	20newsgroups	15000	3	2.763268948	0.1333301067	0.5837993028	0.604022068
KRI	10	20newsgroups	15000	3	937.7378879	2792.109002	0.6058434836	0.6258209471
RI	10	20newsgroups	2500	4	2.155627012	0.1163618565	0.5358906864	0.5534241664
KRI	10	20newsgroups	2500	4	621.8692751	1976.998015	0.5121104603	0.5203596754
RI	10	20newsgroups	6000	4	2.567444801	0.1097691059	0.5629766416	0.5830861868
KRI	10	20newsgroups	6000	4	804.5959129	2560.713437	0.5827266493	0.5976115038
RI	10	20newsgroups	7000	4	2.550533056	0.1150588989	0.5779131132	0.5972456686
KRI	10	20newsgroups	7000	4	837.0450308	2644.572471	0.5962982503	0.6101750368
RI	10	20newsgroups	8000	4	2.455528975	0.1166100502	0.5799085182	0.6003568243
KRI	10	20newsgroups	8000	4	865.4768569	2699.571968	0.6050089187	0.6194513716
RI	10	20newsgroups	9000	4	2.564038038	0.1191749573	0.5817871608	0.6016245648
KRI	10	20newsgroups	9000	4	879.1011519	2753.291221	0.6042321012	0.6212973064
RI	10	20newsgroups	15000	4	2.650192022	0.1388111115	0.5880715401	0.6079075966
KRI	10	20newsgroups	15000	4	935.069618	2797.834846	0.6084504826	0.6286108476
KRIch	2	reuters21578	2500	0	44.81309891	1.277197123	0.5721542271	0.8268011527
KRIch	2	reuters21578	5000	0	82.19564795	2.324077845	0.5760424938	0.8458532349
KRIch	2	reuters21578	6000	0	96.02867293	2.724504232	0.5705145301	0.8462427746
KRIch	2	reuters21578	7000	0	109.7657211	3.132983923	0.5638512316	0.8497034573
KRIch	2	reuters21578	8000	0	122.8952351	3.484586954	0.5689675593	0.8498040923
KRIch	2	reuters21578	9000	0	133.9297869	3.8164711	0.5671077346	0.8502471649
KRIch	2	reuters21578	10000	0	138.833689	3.927902222	0.5569930711	0.8474181818
KRIch	2	reuters21578	15000	0	164.5638559	4.756664038	0.5718763707	0.8524638105
KRIch	2	reuters21578	2500	1	44.92364788	1.261268139	0.5859568959	0.8261746901
KRIch	2	reuters21578	5000	1	82.90906	2.342833996	0.5704592599	0.8422122224
KRIch	2	reuters21578	6000	1	97.23888993	2.772542953	0.5753336649	0.844044683
KRIch	2	reuters21578	7000	1	109.9592531	3.120668888	0.5804735789	0.8521563537
KRIch	2	reuters21578	8000	1	121.896153	3.46488905	0.5662471809	0.8467132054
KRIch	2	reuters21578	9000	1	134.1169591	3.790574789	0.5815259165	0.8539586047
KRIch	2	reuters21578	10000	1	137.3271751	3.895514965	0.5553387216	0.8519057317
KRIch	2	reuters21578	15000	1	165.263494	4.730295897	0.5714050667	0.8522346775
KRIch	2	reuters21578	2500	2	45.12706399	1.266360044	0.5732232794	0.833381295
KRIch	2	reuters21578	5000	2	82.90882301	2.328236103	0.5777572579	0.8468885673
KRIch	2	reuters21578	6000	2	97.34285808	2.764853001	0.5696725167	0.8475997687
KRIch	2	reuters21578	7000	2	110.2664471	3.14645505	0.5620465233	0.8480647025
KRIch	2	reuters21578	8000	2	121.7075579	3.454587936	0.5736029903	0.8485112564
KRIch	2	reuters21578	9000	2	133.6203208	3.793907166	0.5552190112	0.8487309645
KRIch	2	reuters21578	10000	2	138.13025	3.904848814	0.5621120791	0.8480699199
KRIch	2	reuters21578	15000	2	166.57898	4.793614149	0.5657445923	0.8484848485
KRIch	2	reuters21578	2500	3	45.02927589	1.247478008	0.5797778817	0.831827957
KRIch	2	reuters21578	5000	3	83.31020212	2.359404802	0.5787518163	0.8433839479
KRIch	2	reuters21578	6000	3	95.63893199	2.722741127	0.5730089859	0.8523170204
KRIch	2	reuters21578	7000	3	110.5668759	3.150793076	0.5797255277	0.8489500362
KRIch	2	reuters21578	8000	3	120.8952889	3.437252045	0.5627228748	0.8524590164
KRIch	2	reuters21578	9000	3	134.8217702	3.840438843	0.5686894802	0.849319038
KRIch	2	reuters21578	10000	3	139.0365222	3.94917202	0.5664962013	0.8539553753
KRIch	2	reuters21578	15000	3	167.0732138	4.78238821	0.5602858075	0.8533255882
KRIch	2	reuters21578	2500	4	45.0356288	1.275477171	0.5720148493	0.8336696454
KRIch	2	reuters21578	5000	4	83.00664401	2.35748601	0.5630095027	0.8452380952
KRIch	2	reuters21578	6000	4	96.34555507	2.732540846	0.5760258081	0.8465332173
KRIch	2	reuters21578	7000	4	109.4707689	3.112859011	0.564026016	0.8444185708
KRIch	2	reuters21578	8000	4	122.1040959	3.468639135	0.5678761876	0.8513963247
KRIch	2	reuters21578	9000	4	133.8257411	3.807208061	0.5661946885	0.8510946788
KRIch	2	reuters21578	10000	4	138.4363101	3.895147085	0.5826035959	0.8553166764
KRIch	2	reuters21578	15000	4	166.062443	4.779706001	0.5663318129	0.8534420026
KRIch	2	20newsgroups	2500	0	12.13116694	0.4796209335	0.5072825321	0.5137669296
KRIch	2	20newsgroups	5000	0	18.97570109	0.8730459213	0.5820791799	0.5949791479
KRIch	2	20newsgroups	6000	0	22.6875	1.031031847	0.5855205159	0.598963901
KRIch	2	20newsgroups	7000	0	23.95091295	1.14172411	0.5950178632	0.6114257162
KRIch	2	20newsgroups	8000	0	27.21633601	1.294434071	0.5951445913	0.6097869115
KRIch	2	20newsgroups	9000	0	27.98139787	1.347698927	0.5905708284	0.6062664516
KRIch	2	20newsgroups	10000	0	30.99697995	1.479046106	0.6004932439	0.6171525137
KRIch	2	20newsgroups	15000	0	37.14373899	1.79952693	0.5954683515	0.6140138408
KRIch	2	20newsgroups	2500	1	12.34967399	0.4803688526	0.5185923061	0.529258293
KRIch	2	20newsgroups	5000	1	19.18652511	0.8919110298	0.5767828921	0.5893570206
KRIch	2	20newsgroups	6000	1	22.49941206	1.025105	0.5892437762	0.6026490066
KRIch	2	20newsgroups	7000	1	24.3112309	1.154597044	0.587042971	0.6024257633
KRIch	2	20newsgroups	8000	1	28.02614617	1.307184935	0.59457094	0.6091268174
KRIch	2	20newsgroups	9000	1	28.18278503	1.343482018	0.5949407104	0.6110265517
KRIch	2	20newsgroups	10000	1	31.50775814	1.481694937	0.5968029928	0.613819415
KRIch	2	20newsgroups	15000	1	36.84389997	1.796581984	0.5924264665	0.6100933287
KRIch	2	20newsgroups	2500	2	12.05531502	0.4800050259	0.5182140425	0.5261989343
KRIch	2	20newsgroups	5000	2	18.79453397	0.880051136	0.5690289402	0.5829360513
KRIch	2	20newsgroups	6000	2	22.20039201	1.024288893	0.5856092911	0.5996217416
KRIch	2	20newsgroups	7000	2	24.42638707	1.14934206	0.5864611091	0.6021038571
KRIch	2	20newsgroups	8000	2	27.21718001	1.298968792	0.5919890999	0.6081388491
KRIch	2	20newsgroups	9000	2	28.10483694	1.34342289	0.5999834698	0.6154106117
KRIch	2	20newsgroups	10000	2	31.06005788	1.492027044	0.5974116467	0.6137331743
KRIch	2	20newsgroups	15000	2	37.47785997	1.806882143	0.5936046354	0.610971488
KRIch	2	20newsgroups	2500	3	12.08938098	0.4822530746	0.5105065877	0.5188686323
KRIch	2	20newsgroups	5000	3	19.23239589	0.8863451481	0.5669721225	0.5789344464
KRIch	2	20newsgroups	6000	3	21.9253459	1.038042068	0.5849143802	0.5980099502
KRIch	2	20newsgroups	7000	3	24.44186306	1.160590887	0.5936630233	0.6077403246
KRIch	2	20newsgroups	8000	3	27.15780711	1.29666996	0.586402952	0.6019021739
KRIch	2	20newsgroups	9000	3	28.22311187	1.354762077	0.5992549628	0.6149036837
KRIch	2	20newsgroups	10000	3	31.23576617	1.489712954	0.5995184406	0.6164904863
KRIch	2	20newsgroups	15000	3	37.48322678	1.807159185	0.6038133615	0.6196625344
KRIch	2	20newsgroups	2500	4	11.58384204	0.4798660278	0.5164205118	0.5251997312
KRIch	2	20newsgroups	5000	4	20.22467089	0.8849480152	0.571155375	0.5829202893
KRIch	2	20newsgroups	6000	4	22.13979006	1.027009964	0.5822624207	0.5961442579
KRIch	2	20newsgroups	7000	4	24.25163412	1.148760796	0.5932684943	0.6093357872
KRIch	2	20newsgroups	8000	4	27.75119901	1.30303812	0.5937047573	0.6086736842
KRIch	2	20newsgroups	9000	4	28.02722692	1.35337615	0.590127102	0.6071489362
KRIch	2	20newsgroups	10000	4	31.22921014	1.479741812	0.5989689825	0.6162849873
KRIch	2	20newsgroups	15000	4	37.27961898	1.806689024	0.5986136398	0.6168999482
KRIch	5	reuters21578	2500	0	46.47180581	1.31892705	0.5696491823	0.833716916
KRIch	5	reuters21578	5000	0	91.8743	2.596834183	0.5703883091	0.8479768786
KRIch	5	reuters21578	6000	0	110.3104119	3.127779961	0.5764427741	0.8506277962
KRIch	5	reuters21578	7000	0	128.9550741	3.631788015	0.5698919408	0.8461314718
KRIch	5	reuters21578	8000	0	146.6870339	4.159030914	0.5686210119	0.8491085665
KRIch	5	reuters21578	9000	0	164.518878	4.661272049	0.5715008528	0.854862119
KRIch	5	reuters21578	10000	0	182.3661489	5.142634153	0.574308489	0.8552383713
KRIch	5	reuters21578	15000	0	269.4600301	7.711937904	0.5600658307	0.8556881001
KRIch	5	reuters21578	2500	1	46.65482402	1.323055029	0.581531786	0.8312781082
KRIch	5	reuters21578	5000	1	91.85531807	2.591841936	0.5761497094	0.8478009259
KRIch	5	reuters21578	6000	1	110.1975689	3.123925924	0.5769319459	0.8500289519
KRIch	5	reuters21578	7000	1	128.85148	3.650090933	0.5784510968	0.8514021393
KRIch	5	reuters21578	8000	1	146.4819751	4.156702042	0.5719264575	0.8459976798
KRIch	5	reuters21578	9000	1	164.611212	4.648270845	0.5644934098	0.849382716
KRIch	5	reuters21578	10000	1	182.1541119	5.15040493	0.5675666229	0.8500580046
KRIch	5	reuters21578	15000	1	269.6423922	7.614618063	0.5735032917	0.8509957843
KRIch	5	reuters21578	2500	2	46.75525284	1.320965052	0.5858442012	0.8313793603
KRIch	5	reuters21578	5000	2	92.56152987	2.589971066	0.5789448971	0.8481872021
KRIch	5	reuters21578	6000	2	110.8029268	3.102863073	0.5741495421	0.8482310469
KRIch	5	reuters21578	7000	2	129.42643	3.641577005	0.575136777	0.8501449275
KRIch	5	reuters21578	8000	2	146.469878	4.144041061	0.5778077071	0.8529241459
KRIch	5	reuters21578	9000	2	164.7688661	4.774271011	0.5760379648	0.8507982583
KRIch	5	reuters21578	10000	2	181.951936	5.144547939	0.5677112884	0.8498690719
KRIch	5	reuters21578	15000	2	269.252948	7.637332916	0.5690884036	0.8566463944
KRIch	5	reuters21578	2500	3	46.66401696	1.312404871	0.573055145	0.8345055261
KRIch	5	reuters21578	5000	3	91.84984589	2.589467049	0.5791300159	0.8451761987
KRIch	5	reuters21578	6000	3	110.1899271	3.115474939	0.5870303705	0.8532718363
KRIch	5	reuters21578	7000	3	128.9460509	3.644114017	0.5608120533	0.8484061734
KRIch	5	reuters21578	8000	3	146.5735211	4.140682936	0.5678024834	0.8517286272
KRIch	5	reuters21578	9000	3	165.235467	4.662066936	0.5705531299	0.8539521392
KRIch	5	reuters21578	10000	3	182.251245	5.151080132	0.5650824481	0.8528050896
KRIch	5	reuters21578	15000	3	269.8508658	7.671743155	0.5645892429	0.8542451463
KRIch	5	reuters21578	2500	4	46.54947209	1.309302092	0.5772362541	0.8391909339
KRIch	5	reuters21578	5000	4	92.26203799	2.606416941	0.5777637873	0.8481524249
KRIch	5	reuters21578	6000	4	110.7885742	3.13309288	0.5699951487	0.8506343714
KRIch	5	reuters21578	7000	4	128.6315641	3.644810915	0.5654255888	0.8477186864
KRIch	5	reuters21578	8000	4	146.4695351	4.147852898	0.5723753905	0.8518464881
KRIch	5	reuters21578	9000	4	164.7186902	4.661835909	0.5655629195	0.8537079954
KRIch	5	reuters21578	10000	4	182.3437459	5.142812014	0.5689040736	0.8512731481
KRIch	5	reuters21578	15000	4	269.7431681	7.675239801	0.5643245333	0.8506314414
KRIch	5	20newsgroups	2500	0	12.26530194	0.4975869656	0.5108012706	0.5191718365
KRIch	5	20newsgroups	5000	0	21.29941297	0.9936408997	0.5770790602	0.5906600147
KRIch	5	20newsgroups	6000	0	25.93654299	1.179646015	0.582857707	0.5970223738
KRIch	5	20newsgroups	7000	0	29.62878919	1.383997917	0.5925118528	0.6075928103
KRIch	5	20newsgroups	8000	0	33.06696105	1.581956863	0.5957390101	0.6102352247
KRIch	5	20newsgroups	9000	0	37.17540884	1.778878212	0.60253831	0.6181418548
KRIch	5	20newsgroups	10000	0	41.20081496	1.970730066	0.5956483277	0.6113284572
KRIch	5	20newsgroups	15000	0	60.48170495	2.927067995	0.6006412201	0.6175329713
KRIch	5	20newsgroups	2500	1	12.09536004	0.5023050308	0.5123140369	0.5201044386
KRIch	5	20newsgroups	5000	1	21.43444991	0.9907951355	0.5735821893	0.5882159856
KRIch	5	20newsgroups	6000	1	25.34148717	1.186197996	0.58414315	0.5964737192
KRIch	5	20newsgroups	7000	1	29.05210185	1.378317118	0.5863215214	0.6006688963
KRIch	5	20newsgroups	8000	1	33.59393287	1.653073072	0.6029090037	0.6174541786
KRIch	5	20newsgroups	9000	1	36.89032793	1.76800704	0.6004340218	0.6162299239
KRIch	5	20newsgroups	10000	1	40.7097311	1.951683044	0.595765533	0.6127108536
KRIch	5	20newsgroups	15000	1	60.20228314	2.909859896	0.5958453185	0.6115301257
KRIch	5	20newsgroups	2500	2	12.59910083	0.5124909878	0.5161609124	0.5249316688
KRIch	5	20newsgroups	5000	2	22.03718305	0.992762804	0.571810737	0.5848381324
KRIch	5	20newsgroups	6000	2	25.3441329	1.190616131	0.587109445	0.6004958678
KRIch	5	20newsgroups	7000	2	29.66375089	1.385638952	0.594522507	0.6093514329
KRIch	5	20newsgroups	8000	2	33.07983088	1.581322193	0.5910524397	0.6053542775
KRIch	5	20newsgroups	9000	2	36.9029181	1.770452023	0.5972594252	0.6127392851
KRIch	5	20newsgroups	10000	2	40.81361914	1.963917971	0.5969106146	0.6122275926
KRIch	5	20newsgroups	15000	2	60.09426093	2.918981075	0.6002948005	0.617467023
KRIch	5	20newsgroups	2500	3	12.31174207	0.5011589527	0.5110550977	0.5200959808
KRIch	5	20newsgroups	5000	3	21.73675394	0.988850832	0.572447634	0.5860320576
KRIch	5	20newsgroups	6000	3	26.45298505	1.189779997	0.5810849	0.5949241925
KRIch	5	20newsgroups	7000	3	29.1772511	1.374310017	0.5900696629	0.605245573
KRIch	5	20newsgroups	8000	3	33.07609391	1.567881107	0.597361895	0.6124989486
KRIch	5	20newsgroups	9000	3	36.79318595	1.756208897	0.5980537578	0.6139951042
KRIch	5	20newsgroups	10000	3	41.22016501	1.958909035	0.5922351372	0.608304322
KRIch	5	20newsgroups	15000	3	60.588938	2.998222113	0.5963042234	0.6141215107
KRIch	5	20newsgroups	2500	4	12.59993887	0.4983899593	0.5094461697	0.5190782583
KRIch	5	20newsgroups	5000	4	21.63996792	0.9905230999	0.5732458555	0.5865227347
KRIch	5	20newsgroups	6000	4	25.34919214	1.185348034	0.5875201744	0.6018839861
KRIch	5	20newsgroups	7000	4	29.08222318	1.386528969	0.5917351608	0.6051709758
KRIch	5	20newsgroups	8000	4	33.19211507	1.655446053	0.5958616476	0.6124570375
KRIch	5	20newsgroups	9000	4	37.11040401	1.771253109	0.5936910875	0.607899644
KRIch	5	20newsgroups	10000	4	41.73521709	1.948026896	0.5990582478	0.614755495
KRIch	5	20newsgroups	15000	4	59.98790002	2.918713093	0.6008140281	0.6190270457
KRIch	10	reuters21578	2500	0	46.57521605	1.315982103	0.5882447713	0.830096389
KRIch	10	reuters21578	5000	0	92.46817803	2.614855051	0.5771886041	0.8467090069
KRIch	10	reuters21578	6000	0	110.8144782	3.128633976	0.580609801	0.8488456512
KRIch	10	reuters21578	7000	0	129.1521771	3.638249874	0.5740473064	0.8520231214
KRIch	10	reuters21578	8000	0	147.781122	4.131053925	0.5713538581	0.852416195
KRIch	10	reuters21578	9000	0	166.0171571	4.658638	0.5707725266	0.8572669369
KRIch	10	reuters21578	10000	0	184.262192	5.205420971	0.5742580582	0.8515511743
KRIch	10	reuters21578	15000	0	276.161474	7.884612083	0.5718571937	0.8511133751
KRIch	10	reuters21578	2500	1	46.56304598	1.332927942	0.5730537095	0.8349124318
KRIch	10	reuters21578	5000	1	92.3608861	2.625	0.5937088892	0.8461315561
KRIch	10	reuters21578	6000	1	111.099638	3.146781921	0.5739361309	0.8434921095
KRIch	10	reuters21578	7000	1	129.843936	3.630771875	0.5740021609	0.8513102649
KRIch	10	reuters21578	8000	1	147.477592	4.167930126	0.5723416955	0.8494779582
KRIch	10	reuters21578	9000	1	166.014303	4.703665972	0.5697309294	0.851792713
KRIch	10	reuters21578	10000	1	184.05986	5.202174187	0.576745664	0.8571015331
KRIch	10	reuters21578	15000	1	275.770968	7.836863041	0.5757123923	0.854442344
KRIch	10	reuters21578	2500	2	46.66895795	1.310522079	0.5765422631	0.8330227892
KRIch	10	reuters21578	5000	2	92.25811219	2.609113932	0.579937239	0.8484848485
KRIch	10	reuters21578	6000	2	110.8079011	3.120133877	0.5722605464	0.8442444477
KRIch	10	reuters21578	7000	2	129.0446939	3.641742945	0.571700761	0.8489333914
KRIch	10	reuters21578	8000	2	147.417563	4.192945004	0.5743022641	0.8509217593
KRIch	10	reuters21578	9000	2	165.6238248	4.692232132	0.5768089452	0.8502471649
KRIch	10	reuters21578	10000	2	183.960294	5.201294184	0.5728493139	0.853701016
KRIch	10	reuters21578	15000	2	275.8833709	7.900585175	0.5663928614	0.8520675597
KRIch	10	reuters21578	2500	3	46.55696297	1.319149017	0.5724339101	0.8325674899
KRIch	10	reuters21578	5000	3	92.45850611	2.622979879	0.5789069697	0.8468781689
KRIch	10	reuters21578	6000	3	110.5082002	3.220113993	0.5749028531	0.8461538462
KRIch	10	reuters21578	7000	3	129.3408082	3.654191017	0.5669599497	0.8516483516
KRIch	10	reuters21578	8000	3	147.2753642	4.186443806	0.5703044873	0.8500508056
KRIch	10	reuters21578	9000	3	166.4232659	4.663575172	0.5784324075	0.8520881671
KRIch	10	reuters21578	10000	3	184.375495	5.16116786	0.5758526629	0.8508351489
KRIch	10	reuters21578	15000	3	275.771919	7.832026958	0.5539716875	0.8562281723
KRIch	10	reuters21578	2500	4	46.75695586	1.322158098	0.570277742	0.8302917086
KRIch	10	reuters21578	5000	4	92.558887	2.603508949	0.5772260799	0.8456977585
KRIch	10	reuters21578	6000	4	110.914573	3.135530949	0.5689128319	0.8470008693
KRIch	10	reuters21578	7000	4	129.2469389	3.66276288	0.5752857918	0.8516579407
KRIch	10	reuters21578	8000	4	147.5915201	4.175898075	0.5694984718	0.8492593668
KRIch	10	reuters21578	9000	4	166.0222061	4.688040018	0.5813466207	0.8516690856
KRIch	10	reuters21578	10000	4	184.2610869	5.208727121	0.570312503	0.8518950437
KRIch	10	reuters21578	15000	4	276.090044	7.923184156	0.5657862854	0.8529882216
KRIch	10	20newsgroups	2500	0	12.46645784	0.5076460838	0.5100916268	0.5174981385
KRIch	10	20newsgroups	5000	0	21.59544301	0.9978811741	0.5758079816	0.5891345443
KRIch	10	20newsgroups	6000	0	25.61585712	1.198993921	0.5845126192	0.5989056541
KRIch	10	20newsgroups	7000	0	29.44407606	1.399364948	0.5877101087	0.6011715481
KRIch	10	20newsgroups	8000	0	33.66592884	1.598951101	0.5960121428	0.6113780025
KRIch	10	20newsgroups	9000	0	37.88160801	1.786751986	0.5958350336	0.611016661
KRIch	10	20newsgroups	10000	0	41.70207214	1.987547874	0.5905748967	0.6078616083
KRIch	10	20newsgroups	15000	0	62.09705901	2.992987871	0.601837527	0.6196573802
KRIch	10	20newsgroups	2500	1	11.97637606	0.5016238689	0.5140295482	0.5231763203
KRIch	10	20newsgroups	5000	1	21.42891502	0.9991168976	0.5783856649	0.5902391091
KRIch	10	20newsgroups	6000	1	25.44148612	1.197710037	0.5870005705	0.6017463617
KRIch	10	20newsgroups	7000	1	30.36525202	1.396508932	0.5935101245	0.6082223897
KRIch	10	20newsgroups	8000	1	33.6911211	1.769563913	0.5956277955	0.6112182443
KRIch	10	20newsgroups	9000	1	37.79802704	1.793239117	0.5911928668	0.6080149749
KRIch	10	20newsgroups	10000	1	41.37828302	2.100249052	0.5974096537	0.6126754573
KRIch	10	20newsgroups	15000	1	61.92244482	3.066394091	0.5988105073	0.6175347222
KRIch	10	20newsgroups	2500	2	12.18771601	0.5044031143	0.5172495175	0.5253098402
KRIch	10	20newsgroups	5000	2	21.33845687	0.9999611378	0.5825276804	0.5952439323
KRIch	10	20newsgroups	6000	2	25.6572721	1.210095882	0.583474657	0.5964883082
KRIch	10	20newsgroups	7000	2	29.46254301	1.398593187	0.5900217595	0.605984199
KRIch	10	20newsgroups	8000	2	33.78387094	1.600631952	0.5958856217	0.6120740183
KRIch	10	20newsgroups	9000	2	37.29643512	1.798622847	0.5996407032	0.6167811996
KRIch	10	20newsgroups	10000	2	41.31372309	1.999527931	0.599591117	0.6150170648
KRIch	10	20newsgroups	15000	2	62.41351795	3.000991106	0.5976084835	0.6150642138
KRIch	10	20newsgroups	2500	3	12.00387192	0.5054512024	0.5211572881	0.5296966987
KRIch	10	20newsgroups	5000	3	21.43299603	1.000726938	0.5841911173	0.5976258698
KRIch	10	20newsgroups	6000	3	25.54980993	1.19588995	0.5882975618	0.6026626974
KRIch	10	20newsgroups	7000	3	29.56807494	1.407757044	0.5931988643	0.6094521121
KRIch	10	20newsgroups	8000	3	33.67881608	1.595491886	0.6009176901	0.6159536017
KRIch	10	20newsgroups	9000	3	37.41512299	1.785007	0.5957415258	0.6124670465
KRIch	10	20newsgroups	10000	3	42.21522093	1.986782074	0.5957613458	0.6122901219
KRIch	10	20newsgroups	15000	3	61.89361095	2.997875929	0.6047198002	0.6226252159
KRIch	10	20newsgroups	2500	4	12.19587803	0.5023860931	0.5122719013	0.5209247008
KRIch	10	20newsgroups	5000	4	22.14841294	0.9984190464	0.5748172607	0.5890534239
KRIch	10	20newsgroups	6000	4	25.85279989	1.198239088	0.5866881434	0.6002649445
KRIch	10	20newsgroups	7000	4	30.87048006	1.399919033	0.5908770944	0.6064472801
KRIch	10	20newsgroups	8000	4	33.39450407	1.595637083	0.5983571403	0.6139112903
KRIch	10	20newsgroups	9000	4	37.31163287	1.792077065	0.6004681983	0.616360714
KRIch	10	20newsgroups	10000	4	41.3125	1.988111019	0.598437192	0.6149386085
KRIch	10	20newsgroups	15000	4	63.8964138	2.983016014	0.5980005035	0.6154647227
